0.0444294476226313
0.0427538795109904
0.0400721455500132
0.0365438165564020
0.0323829057060768
0.0278431611992967
0.0232111584465512
0.0187864520409980
0.0148709204633646
0.0117504075229867
0.00968200873641280
0.00888040159032501
0.00950590257542504
0.0116557876882643
0.0153590631860570
0.0205713480921132
0.0271793122935081
0.0349988198821686
0.0437890345953985
0.0532553931884740
0.0630666205123793
0.0728683992508858
0.0822948155140418
0.0909911554948039
0.0986207566804183
0.104890562005557
0.109553589568761
0.112427444051028
0.113397459494679
0.112427444051028
0.109553589568761
0.104890562005557
0.0986207566804183
0.0909911554948039
0.0822948155140418
0.0728683992508858
0.0630666205123793
0.0532553931884740
0.0437890345953985
0.0349988198821686
0.0271793122935081
0.0205713480921132
0.0153590631860570
0.0116557876882643
0.00950590257542504
0.00888040159032501
0.00968200873641280
0.0117504075229867
0.0148709204633646
0.0187864520409980
0.0232111584465512
0.0278431611992967
0.0323829057060768
0.0365438165564020
0.0400721455500132
0.0427538795109904
0.0444294476226313
0.0449987662481684
0.0580655400098589
0.0568020354260323
0.0543375330769456
0.0507905085006697
0.0463367801234135
0.0411974106033595
0.0356293906579464
0.0299187728965511
0.0243643764165203
0.0192692186989867
0.0149233516737155
0.0115954069618973
0.00951874422801277
0.00888177720247304
0.00981953043856009
0.0124068643638663
0.0166552346255313
0.0225095084571083
0.0298511806690525
0.0385006120859288
0.0482212340778694
0.0587337341925416
0.0697170586953719
0.0808310278359169
0.0917195533441356
0.102028139677949
0.111416232803569
0.119570426779727
0.126220225553987
0.131136363771133
0.134154678757089
0.135174035793169
0.134154678757089
0.131136363771133
0.126220225553987
0.119570426779727
0.111416232803569
0.102028139677949
0.0917195533441356
0.0808310278359169
0.0697170586953719
0.0587337341925416
0.0482212340778694
0.0385006120859288
0.0298511806690525
0.0225095084571083
0.0166552346255313
0.0124068643638663
0.00981953043856009
0.00888177720247304
0.00951874422801277
0.0115954069618973
0.0149233516737155
0.0192692186989867
0.0243643764165203
0.0299187728965511
0.0356293906579464
0.0411974106033595
0.0463367801234135
0.0507905085006697
0.0543375330769456
0.0568020354260323
0.0580655400098589
0.0728346988732433
0.0708395797646351
0.0676007748219041
0.0632495491333479
0.0579579508762932
0.0519410430745139
0.0454432805630720
0.0387336707692678
0.0320948841267436
0.0258145539945034
0.0201728950890035
0.0154359169988034
0.0118437588712757
0.00960274272700983
0.00887798964840625
0.00978678932402807
0.0123944344297500
0.0167111541410242
0.0226901207816915
0.0302298459721595
0.0391743594666240
0.0493218345675847
0.0604244816850915
0.0722020653330704
0.0843448255467389
0.0965290161720215
0.108419875532264
0.119689197830568
0.130024128717805
0.139129565612828
0.146747894947419
0.152660104973995
0.156701022790836
0.158749849974270
0.158749849974270
0.156701022790836
0.152660104973995
0.146747894947419
0.139129565612828
0.130024128717805
0.119689197830568
0.108419875532264
0.0965290161720215
0.0843448255467389
0.0722020653330704
0.0604244816850915
0.0493218345675847
0.0391743594666240
0.0302298459721595
0.0226901207816915
0.0167111541410242
0.0123944344297500
0.00978678932402807
0.00887798964840625
0.00960274272700983
0.0118437588712757
0.0154359169988034
0.0201728950890035
0.0258145539945034
0.0320948841267436
0.0387336707692678
0.0454432805630720
0.0519410430745139
0.0579579508762932
0.0632495491333479
0.0676007748219041
0.0708395797646351
0.0728346988732433
0.0735091831423160
0.0906887190874586
0.0893859592467080
0.0868184492734164
0.0830665797818789
0.0782456352783164
0.0725005838228906
0.0660122660021904
0.0589805427817598
0.0516275943203205
0.0441893930934780
0.0369051254558333
0.0300182893568904
0.0237633157635631
0.0183623805719612
0.0140199773460604
0.0109141690856270
0.00919461752404456
0.00897629043227795
0.0103369866718177
0.0133142930069588
0.0179045772113920
0.0240626524370677
0.0317021128453320
0.0406963405003356
0.0508840846125658
0.0620687664161379
0.0740292099625015
0.0865171747249437
0.0992705419283337
0.112017473782548
0.124477699528825
0.136380966128880
0.147460868437379
0.157468597709585
0.166182736505563
0.173401521778283
0.178966037160625
0.182748951881267
0.184660999130574
0.184660999130574
0.182748951881267
0.178966037160625
0.173401521778283
0.166182736505563
0.157468597709585
0.147460868437379
0.136380966128880
0.124477699528825
0.112017473782548
0.0992705419283337
0.0865171747249437
0.0740292099625015
0.0620687664161379
0.0508840846125658
0.0406963405003356
0.0317021128453320
0.0240626524370677
0.0179045772113920
0.0133142930069588
0.0103369866718177
0.00897629043227795
0.00919461752404456
0.0109141690856270
0.0140199773460604
0.0183623805719612
0.0237633157635631
0.0300182893568904
0.0369051254558333
0.0441893930934780
0.0516275943203205
0.0589805427817598
0.0660122660021904
0.0725005838228906
0.0782456352783164
0.0830665797818789
0.0868184492734164
0.0893859592467080
0.0906887190874586
0.109500751440330
0.107258249388131
0.103593011008330
0.0986093528525977
0.0924497919114581
0.0852929154462865
0.0773437047362918
0.0688364500142728
0.0600201343335152
0.0511595678640400
0.0425230509717301
0.0343765291191622
0.0269802865960598
0.0205780389036254
0.0153920548266737
0.0116175360131581
0.00941731339084743
0.00891700559902826
0.0102018608234851
0.0133142930069588
0.0182519359810735
0.0249670688119407
0.0333684584824608
0.0433220377324905
0.0546546368762897
0.0671565079535889
0.0805874343257922
0.0946820342593002
0.109155381345984
0.123707248417100
0.138036185228719
0.151840288675465
0.164823047889680
0.176708851232065
0.187238047911714
0.196186002216882
0.203356374495520
0.208593333464095
0.211783052361645
0.212851907636888
0.211783052361645
0.208593333464095
0.203356374495520
0.196186002216882
0.187238047911714
0.176708851232065
0.164823047889680
0.151840288675465
0.138036185228719
0.123707248417100
0.109155381345984
0.0946820342593002
0.0805874343257922
0.0671565079535889
0.0546546368762897
0.0433220377324905
0.0333684584824608
0.0249670688119407
0.0182519359810735
0.0133142930069588
0.0102018608234851
0.00891700559902826
0.00941731339084743
0.0116175360131581
0.0153920548266737
0.0205780389036254
0.0269802865960598
0.0343765291191622
0.0425230509717301
0.0511595678640400
0.0600201343335152
0.0688364500142728
0.0773437047362918
0.0852929154462865
0.0924497919114581
0.0986093528525977
0.103593011008330
0.107258249388131
0.109500751440330
0.110253867767122
0.131511015494199
0.129883387555075
0.126670550538837
0.121954747518350
0.115856289671903
0.108531005226175
0.100169800673292
0.0909884283517164
0.0812272682152442
0.0711431847729120
0.0610051929979183
0.0510871908011703
0.0416610251546725
0.0329923476555343
0.0253318862766562
0.0189119061027162
0.0139373804141576
0.0105847561148420
0.00899556241287757
0.00927296570767756
0.0114795473427521
0.0156355088027814
0.0217173915715150
0.0296593451596776
0.0393518711912583
0.0506474222901538
0.0633594542576136
0.0772677732270389
0.0921268290250126
0.107663145659931
0.123587954321730
0.139598830604043
0.155390324795373
0.170656838287175
0.185100191464428
0.198437525246033
0.210405001161944
0.220767212441164
0.229315500200891
0.235880721921440
0.240332422201278
0.242581383814060
0.242581383814060
0.240332422201278
0.235880721921440
0.229315500200891
0.220767212441164
0.210405001161944
0.198437525246033
0.185100191464428
0.170656838287175
0.155390324795373
0.139598830604043
0.123587954321730
0.107663145659931
0.0921268290250126
0.0772677732270389
0.0633594542576136
0.0506474222901538
0.0393518711912583
0.0296593451596776
0.0217173915715150
0.0156355088027814
0.0114795473427521
0.00927296570767756
0.00899556241287757
0.0105847561148420
0.0139373804141576
0.0189119061027162
0.0253318862766562
0.0329923476555343
0.0416610251546725
0.0510871908011703
0.0610051929979183
0.0711431847729120
0.0812272682152442
0.0909884283517164
0.100169800673292
0.108531005226175
0.115856289671903
0.121954747518350
0.126670550538837
0.129883387555075
0.131511015494199
0.154501003947403
0.152310270294915
0.148705434039452
0.143758804902544
0.137564614843894
0.130242853613701
0.121937146560774
0.112810612081601
0.103043166211924
0.0928285211367576
0.0823709073382514
0.0718791638384225
0.0615694934709497
0.0516541634165788
0.0423417418205261
0.0338323522263465
0.0263136226060520
0.0199594696893047
0.0149240917717885
0.0113401590582413
0.00931776468070911
0.00893998987284198
0.0102630165356750
0.0133142930069588
0.0180918208237668
0.0245639957095318
0.0326697665870094
0.0423199828296236
0.0533998625060885
0.0657657097448645
0.0792544216714836
0.0936813673205317
0.108842197292616
0.124521387001806
0.140491550304580
0.156518124483659
0.172364749828097
0.187791130974009
0.202568140452894
0.216471893350066
0.229290925089836
0.240829469287643
0.250910459240040
0.259378223333115
0.266103261607382
0.270984367949655
0.273942892498877
0.274933575167065
0.273942892498877
0.270984367949655
0.266103261607382
0.259378223333115
0.250910459240040
0.240829469287643
0.229290925089836
0.216471893350066
0.202568140452894
0.187791130974009
0.172364749828097
0.156518124483659
0.140491550304580
0.124521387001806
0.108842197292616
0.0936813673205317
0.0792544216714836
0.0657657097448645
0.0533998625060885
0.0423199828296236
0.0326697665870094
0.0245639957095318
0.0180918208237668
0.0133142930069588
0.0102630165356750
0.00893998987284198
0.00931776468070911
0.0113401590582413
0.0149240917717885
0.0199594696893047
0.0263136226060520
0.0338323522263465
0.0423417418205261
0.0516541634165788
0.0615694934709497
0.0718791638384225
0.0823709073382514
0.0928285211367576
0.103043166211924
0.112810612081601
0.121937146560774
0.130242853613701
0.137564614843894
0.143758804902544
0.148705434039452
0.152310270294915
0.154501003947403
0.155235544978695
0.180616559122809
0.179046509160801
0.175935817973980
0.171337008766991
0.165330827852939
0.158028583655399
0.149555487640841
0.140063768772699
0.129724531192846
0.118723463571794
0.107259741941889
0.0955414182930595
0.0837837612394256
0.0722056577636824
0.0610225776605016
0.0504502292496618
0.0406920964845271
0.0319421431064691
0.0243809625385302
0.0181705591071275
0.0134529402876623
0.0103482844608047
0.00895132287224672
0.00933106239877987
0.0115285775154530
0.0155571021709871
0.0214001520026116
0.0290134263779227
0.0383247841381887
0.0492328836950295
0.0616131951469759
0.0753144734296747
0.0901655464258999
0.105975879181362
0.122536347645147
0.139626359489870
0.157017704218010
0.174468678937727
0.191741623366006
0.208595460031805
0.224794631874518
0.240112700499588
0.254333371497947
0.267255739864215
0.278694753149561
0.288486136125450
0.296496435144026
0.302604831572423
0.306724872971961
0.308800866068234
0.308800866068234
0.306724872971961
0.302604831572423
0.296496435144026
0.288486136125450
0.278694753149561
0.267255739864215
0.254333371497947
0.240112700499588
0.224794631874518
0.208595460031805
0.191741623366006
0.174468678937727
0.157017704218010
0.139626359489870
0.122536347645147
0.105975879181362
0.0901655464258999
0.0753144734296747
0.0616131951469759
0.0492328836950295
0.0383247841381887
0.0290134263779227
0.0214001520026116
0.0155571021709871
0.0115285775154530
0.00933106239877987
0.00895132287224672
0.0103482844608047
0.0134529402876623
0.0181705591071275
0.0243809625385302
0.0319421431064691
0.0406920964845271
0.0504502292496618
0.0610225776605016
0.0722056577636824
0.0837837612394256
0.0955414182930595
0.107259741941889
0.118723463571794
0.129724531192846
0.140063768772699
0.149555487640841
0.158028583655399
0.165330827852939
0.171337008766991
0.175935817973980
0.179046509160801
0.180616559122809
0.207599342284668
0.205057762355535
0.200865096016315
0.195096085360424
0.187843466765260
0.179227149744292
0.169390368759742
0.158499417633018
0.146735527039114
0.134297881592207
0.121393792527496
0.108245796993184
0.0950783558829868
0.0821182797236885
0.0695950520392349
0.0577273486290665
0.0467320033179271
0.0368111982587109
0.0281524233555701
0.0209270305535988
0.0152853286257236
0.0113555362458427
0.00924084776093099
0.00901828295953033
0.0107373060704832
0.0144185194451130
0.0200543536417859
0.0276066684925996
0.0370095852154060
0.0481693379696337
0.0609650020665993
0.0752519349217322
0.0908603037100126
0.107601834908686
0.125266960238169
0.143634752028643
0.162471780608034
0.181530807938904
0.200567055131470
0.219330552419929
0.237572919341631
0.255050585471352
0.271532796670237
0.286795291487244
0.300635244896312
0.312866903489577
0.323323853209416
0.331863781297047
0.338373176368165
0.342763516053072
0.344972340574774
0.344972340574774
0.342763516053072
0.338373176368165
0.331863781297047
0.323323853209416
0.312866903489577
0.300635244896312
0.286795291487244
0.271532796670237
0.255050585471352
0.237572919341631
0.219330552419929
0.200567055131470
0.181530807938904
0.162471780608034
0.143634752028643
0.125266960238169
0.107601834908686
0.0908603037100126
0.0752519349217322
0.0609650020665993
0.0481693379696337
0.0370095852154060
0.0276066684925996
0.0200543536417859
0.0144185194451130
0.0107373060704832
0.00901828295953033
0.00924084776093099
0.0113555362458427
0.0152853286257236
0.0209270305535988
0.0281524233555701
0.0368111982587109
0.0467320033179271
0.0577273486290665
0.0695950520392349
0.0821182797236885
0.0950783558829868
0.108245796993184
0.121393792527496
0.134297881592207
0.146735527039114
0.158499417633018
0.169390368759742
0.179227149744292
0.187843466765260
0.195096085360424
0.200865096016315
0.205057762355535
0.207599342284668
0.208453005027465
0.237884785976274
0.235790043434455
0.231633923221860
0.225493915797480
0.217479111102141
0.207728760422391
0.196422913502987
0.183758388002875
0.169968545041370
0.155297447089471
0.140013791405796
0.124395201265343
0.108729390501601
0.0933076303607217
0.0784174434077712
0.0643423863033591
0.0513545110154475
0.0397092856599850
0.0296442558313932
0.0213703482747225
0.0150741454673160
0.0109094458401828
0.00899733658770746
0.00942341857725752
0.0122362189027841
0.0174457569830160
0.0250244633495729
0.0349050748055541
0.0469842510222721
0.0611215080485326
0.0771433864825234
0.0948451969971391
0.113992130051206
0.134326531975125
0.155570700876168
0.177427009705113
0.199589111139550
0.221743068687407
0.243571605259741
0.264758348799884
0.284999543047604
0.304001702315839
0.321485379288429
0.337194238654200
0.350901851455213
0.362401297569287
0.371527384100620
0.378142417223599
0.382152345564938
0.383496713029864
0.382152345564938
0.378142417223599
0.371527384100620
0.362401297569287
0.350901851455213
0.337194238654200
0.321485379288429
0.304001702315839
0.284999543047604
0.264758348799884
0.243571605259741
0.221743068687407
0.199589111139550
0.177427009705113
0.155570700876168
0.134326531975125
0.113992130051206
0.0948451969971391
0.0771433864825234
0.0611215080485326
0.0469842510222721
0.0349050748055541
0.0250244633495729
0.0174457569830160
0.0122362189027841
0.00942341857725752
0.00899733658770746
0.0109094458401828
0.0150741454673160
0.0213703482747225
0.0296442558313932
0.0397092856599850
0.0513545110154475
0.0643423863033591
0.0784174434077712
0.0933076303607217
0.108729390501601
0.124395201265343
0.140013791405796
0.155297447089471
0.169968545041370
0.183758388002875
0.196422913502987
0.207728760422391
0.217479111102141
0.225493915797480
0.231633923221860
0.235790043434455
0.237884785976274
0.268764847652197
0.265362882332197
0.259757047117067
0.252044848642917
0.242353699061289
0.230850800175158
0.217733471074917
0.203226289527961
0.187575829623259
0.171055187623343
0.153947685960294
0.136554339078361
0.119178143960779
0.102128377640505
0.0857091535767033
0.0702180948333626
0.0559402667752234
0.0431438706412194
0.0320760357297336
0.0229581851358807
0.0159829631613879
0.0113118960748307
0.00907091814688804
0.00934941004364483
0.0121982621630435
0.0176286506313221
0.0256126458828184
0.0360811508465952
0.0489285166302857
0.0640089241062308
0.0811440954062038
0.100120922907356
0.120697344916899
0.142606097789317
0.165556772763868
0.189239216600312
0.213333593397322
0.237509206328502
0.261433011396855
0.284772046993235
0.307200309477635
0.328406105052145
0.348085797443672
0.365966684525592
0.381794836877209
0.395343780548238
0.406420605596427
0.414868830245588
0.420570681977230
0.423442645643083
0.423442645643083
0.420570681977230
0.414868830245588
0.406420605596427
0.395343780548238
0.381794836877209
0.365966684525592
0.348085797443672
0.328406105052145
0.307200309477635
0.284772046993235
0.261433011396855
0.237509206328502
0.213333593397322
0.189239216600312
0.165556772763868
0.142606097789317
0.120697344916899
0.100120922907356
0.0811440954062038
0.0640089241062308
0.0489285166302857
0.0360811508465952
0.0256126458828184
0.0176286506313221
0.0121982621630435
0.00934941004364483
0.00907091814688804
0.0113118960748307
0.0159829631613879
0.0229581851358807
0.0320760357297336
0.0431438706412194
0.0559402667752234
0.0702180948333626
0.0857091535767033
0.102128377640505
0.119178143960779
0.136554339078361
0.153947685960294
0.171055187623343
0.187575829623259
0.203226289527961
0.217733471074917
0.230850800175158
0.242353699061289
0.252044848642917
0.259757047117067
0.265362882332197
0.268764847652197
0.269903816747306
0.303461668143781
0.301422284479295
0.297367324278013
0.291354383812882
0.283461400471780
0.273800817467025
0.262498299783191
0.249710995522486
0.235608740804537
0.220386251390516
0.204253464256103
0.187427005444950
0.170142391706830
0.152638453352223
0.135157125395666
0.117947318765697
0.101248422752330
0.0853034391721673
0.0703407255403759
0.0565804037176841
0.0442287492378723
0.0334773062242961
0.0244967191926774
0.0174369491706116
0.0124252668735816
0.00956439866701336
0.00893087713935210
0.0105739552059863
0.0145152956971487
0.0207474863783615
0.0292361992660992
0.0399168533142014
0.0527007804543009
0.0674693909409029
0.0840809950867784
0.102369750669603
0.122148448466599
0.143212352709138
0.165338356723341
0.188286614440446
0.211808774896434
0.235649527578772
0.259542583406304
0.283227061714270
0.306434082472550
0.328909302741829
0.350395548676534
0.370653903955399
0.389450032130535
0.406576635977322
0.421835684775653
0.435055177270896
0.446082097139198
0.454793384400815
0.461088000299602
0.464891087323299
0.466164467121645
0.464891087323299
0.461088000299602
0.454793384400815
0.446082097139198
0.435055177270896
0.421835684775653
0.406576635977322
0.389450032130535
0.370653903955399
0.350395548676534
0.328909302741829
0.306434082472550
0.283227061714270
0.259542583406304
0.235649527578772
0.211808774896434
0.188286614440446
0.165338356723341
0.143212352709138
0.122148448466599
0.102369750669603
0.0840809950867784
0.0674693909409029
0.0527007804543009
0.0399168533142014
0.0292361992660992
0.0207474863783615
0.0145152956971487
0.0105739552059863
0.00893087713935210
0.00956439866701336
0.0124252668735816
0.0174369491706116
0.0244967191926774
0.0334773062242961
0.0442287492378723
0.0565804037176841
0.0703407255403759
0.0853034391721673
0.101248422752330
0.117947318765697
0.135157125395666
0.152638453352223
0.170142391706830
0.187427005444950
0.204253464256103
0.220386251390516
0.235608740804537
0.249710995522486
0.262498299783191
0.273800817467025
0.283461400471780
0.291354383812882
0.297367324278013
0.301422284479295
0.303461668143781
0.338430539691931
0.334967686468367
0.329245885606580
0.321347046048423
0.311375897796253
0.299472064019769
0.285797769597331
0.270538735251122
0.253911554005120
0.236139254991035
0.217472591089459
0.198170358825426
0.178503202537048
0.158746165628617
0.139177656522162
0.120080800720499
0.101726299221075
0.0843827401188908
0.0683062938871543
0.0537368626878806
0.0408986830417775
0.0299940797322355
0.0212028355388498
0.0146783300131972
0.0105464220462262
0.00890351912594642
0.00981485938605019
0.0133142930069588
0.0194030523929186
0.0280488384560004
0.0391892703879108
0.0527286773852272
0.0685408533041627
0.0864707746119438
0.106336531129122
0.127929809448229
0.151021022185909
0.175358670221487
0.200677490834840
0.226695952994651
0.253120742061763
0.279659600564337
0.306005944483307
0.331861076950158
0.356930934142014
0.380926485316138
0.403572449584722
0.424601589704405
0.443778830278377
0.460873629975698
0.475690123850942
0.488057210830412
0.497827025563023
0.504889765934797
0.509158450892259
0.510589904243732
0.509158450892259
0.504889765934797
0.497827025563023
0.488057210830412
0.475690123850942
0.460873629975698
0.443778830278377
0.424601589704405
0.403572449584722
0.380926485316138
0.356930934142014
0.331861076950158
0.306005944483307
0.279659600564337
0.253120742061763
0.226695952994651
0.200677490834840
0.175358670221487
0.151021022185909
0.127929809448229
0.106336531129122
0.0864707746119438
0.0685408533041627
0.0527286773852272
0.0391892703879108
0.0280488384560004
0.0194030523929186
0.0133142930069588
0.00981485938605019
0.00890351912594642
0.0105464220462262
0.0146783300131972
0.0212028355388498
0.0299940797322355
0.0408986830417775
0.0537368626878806
0.0683062938871543
0.0843827401188908
0.101726299221075
0.120080800720499
0.139177656522162
0.158746165628617
0.178503202537048
0.198170358825426
0.217472591089459
0.236139254991035
0.253911554005120
0.270538735251122
0.285797769597331
0.299472064019769
0.311375897796253
0.321347046048423
0.329245885606580
0.334967686468367
0.338430539691931
0.339592537113502
0.377165698712719
0.374297955643785
0.368610365835236
0.360186598070510
0.349156414213466
0.335685452396205
0.319981322049934
0.302282550817060
0.282860796331512
0.262014452805053
0.240064650286025
0.217348730208570
0.194224393021332
0.171047522439941
0.148184560855926
0.125998643474213
0.104844858605962
0.0850628902310085
0.0669808793692719
0.0509006662568521
0.0370982489815357
0.0258188894215379
0.0172748215001763
0.0116395045966196
0.00904706230201869
0.00958933749262653
0.0133142930069588
0.0202255555633285
0.0302827256341652
0.0433997995437907
0.0594481616066946
0.0782569154224687
0.0996170968305924
0.123280333112444
0.148967125636360
0.176367873575063
0.205148401980862
0.234947601108299
0.265396622335712
0.296111212710116
0.326700340412667
0.356770934465820
0.385944286651651
0.413838603991309
0.440096256604168
0.464377094023304
0.486365603660228
0.505774911546151
0.522353809759608
0.535883276618243
0.546189431808572
0.553135539313255
0.556634126265138
0.556634126265138
0.553135539313255
0.546189431808572
0.535883276618243
0.522353809759608
0.505774911546151
0.486365603660228
0.464377094023304
0.440096256604168
0.413838603991309
0.385944286651651
0.356770934465820
0.326700340412667
0.296111212710116
0.265396622335712
0.234947601108299
0.205148401980862
0.176367873575063
0.148967125636360
0.123280333112444
0.0996170968305924
0.0782569154224687
0.0594481616066946
0.0433997995437907
0.0302827256341652
0.0202255555633285
0.0133142930069588
0.00958933749262653
0.00904706230201869
0.0116395045966196
0.0172748215001763
0.0258188894215379
0.0370982489815357
0.0509006662568521
0.0669808793692719
0.0850628902310085
0.104844858605962
0.125998643474213
0.148184560855926
0.171047522439941
0.194224393021332
0.217348730208570
0.240064650286025
0.262014452805053
0.282860796331512
0.302282550817060
0.319981322049934
0.335685452396205
0.349156414213466
0.360186598070510
0.368610365835236
0.374297955643785
0.377165698712719
0.415988409733527
0.411434800519055
0.403919310421356
0.393550241375503
0.380482536366194
0.364901152609968
0.347041771587010
0.327161923492702
0.305552195557052
0.282534602725075
0.258450244961858
0.233653033429761
0.208514658417965
0.183414295265498
0.158725902537028
0.134827598936384
0.112084726540861
0.0908521289378965
0.0714630066749839
0.0542280231528236
0.0394316710856961
0.0273250941785082
0.0181238250555823
0.0120069182465764
0.00911111655051437
0.00953037602913607
0.0133142930069588
0.0204671167134236
0.0309478251098322
0.0446694150484571
0.0615017916722540
0.0812720733868943
0.103764432853463
0.128729100694191
0.155880696450724
0.184900490655337
0.215445485195741
0.247151412840757
0.279632363319268
0.312494463926105
0.345331065329568
0.377743482420832
0.409327179302762
0.439687007169926
0.468448766413477
0.495251702635793
0.519755414487232
0.541654098402920
0.560677543908421
0.576576755230544
0.589158532971363
0.598259691964796
0.603766858164146
0.605610721883031
0.603766858164146
0.598259691964796
0.589158532971363
0.576576755230544
0.560677543908421
0.541654098402920
0.519755414487232
0.495251702635793
0.468448766413477
0.439687007169926
0.409327179302762
0.377743482420832
0.345331065329568
0.312494463926105
0.279632363319268
0.247151412840757
0.215445485195741
0.184900490655337
0.155880696450724
0.128729100694191
0.103764432853463
0.0812720733868943
0.0615017916722540
0.0446694150484571
0.0309478251098322
0.0204671167134236
0.0133142930069588
0.00953037602913607
0.00911111655051437
0.0120069182465764
0.0181238250555823
0.0273250941785082
0.0394316710856961
0.0542280231528236
0.0714630066749839
0.0908521289378965
0.112084726540861
0.134827598936384
0.158725902537028
0.183414295265498
0.208514658417965
0.233653033429761
0.258450244961858
0.282534602725075
0.305552195557052
0.327161923492702
0.347041771587010
0.364901152609968
0.380482536366194
0.393550241375503
0.403919310421356
0.411434800519055
0.415988409733527
0.417513998448150
0.459195621900985
0.456243541328058
0.450384313435993
0.441685107253637
0.430259935194822
0.416258674557677
0.399856292508445
0.381269058339053
0.360731152637512
0.338512495958396
0.314898342461082
0.290197251854010
0.264729464663946
0.238828506393181
0.212832566061935
0.187089364484503
0.161938877072025
0.137716584993776
0.114752549267713
0.0933574142684564
0.0738313785718541
0.0564474636720793
0.0414588612296793
0.0290870968462385
0.0195264445054025
0.0129377894593361
0.00944602154262624
0.00914057664284110
0.0120730278267858
0.0182560832644675
0.0276646741857172
0.0402337234624214
0.0558608115522814
0.0744075018879988
0.0956997870589335
0.119529267680798
0.145656362968720
0.173812896495225
0.203709081529525
0.235029059311516
0.267439601148012
0.300591551558702
0.334131290189838
0.367689098994160
0.400904340396781
0.433413441643894
0.464852527772150
0.494880089305717
0.523162254497099
0.549385747683570
0.573261586664086
0.594517502932278
0.612925944436756
0.628274171503540
0.640391861446917
0.649149684840170
0.654441738489068
0.656209320253148
0.654441738489068
0.649149684840170
0.640391861446917
0.628274171503540
0.612925944436756
0.594517502932278
0.573261586664086
0.549385747683570
0.523162254497099
0.494880089305717
0.464852527772150
0.433413441643894
0.400904340396781
0.367689098994160
0.334131290189838
0.300591551558702
0.267439601148012
0.235029059311516
0.203709081529525
0.173812896495225
0.145656362968720
0.119529267680798
0.0956997870589335
0.0744075018879988
0.0558608115522814
0.0402337234624214
0.0276646741857172
0.0182560832644675
0.0120730278267858
0.00914057664284110
0.00944602154262624
0.0129377894593361
0.0195264445054025
0.0290870968462385
0.0414588612296793
0.0564474636720793
0.0738313785718541
0.0933574142684564
0.114752549267713
0.137716584993776
0.161938877072025
0.187089364484503
0.212832566061935
0.238828506393181
0.264729464663946
0.290197251854010
0.314898342461082
0.338512495958396
0.360731152637512
0.381269058339053
0.399856292508445
0.416258674557677
0.430259935194822
0.441685107253637
0.450384313435993
0.456243541328058
0.459195621900985
0.502429596640853
0.498705849602402
0.492540867315508
0.483997786740679
0.473157640029415
0.460125332336093
0.445034974950859
0.428032672415208
0.409288034166136
0.388986356147799
0.367327190657180
0.344528338979028
0.320817938133176
0.296432638763723
0.271613281078971
0.246615150564886
0.221688185863978
0.197084997274306
0.173060065950222
0.149859064390211
0.127721381861642
0.106880997064370
0.0875561677335627
0.0699567351257759
0.0542746501239409
0.0406844579693374
0.0293443007791729
0.0203898875927214
0.0139363648766480
0.0100770813073259
0.00888044071804324
0.0103913165954535
0.0146298615485542
0.0215904488450359
0.0312436068671039
0.0435343219070745
0.0583826613351601
0.0756866329344661
0.0953188256459925
0.117131648946722
0.140958071923082
0.166609558230892
0.193880382122702
0.222551762541433
0.252387561171546
0.283144817577167
0.314564122860696
0.346389035881575
0.378350642712578
0.410176798576289
0.441600586949835
0.472357122798599
0.502182245018685
0.530824346690062
0.558033173193517
0.583582474046036
0.607247608152421
0.628824813215859
0.648133454902425
0.665006385441851
0.679290897365653
0.690873271666937
0.699648879106277
0.705542365829060
0.708500487083139
0.708500487083139
0.705542365829060
0.699648879106277
0.690873271666937
0.679290897365653
0.665006385441851
0.648133454902425
0.628824813215859
0.607247608152421
0.583582474046036
0.558033173193517
0.530824346690062
0.502182245018685
0.472357122798599
0.441600586949835
0.410176798576289
0.378350642712578
0.346389035881575
0.314564122860696
0.283144817577167
0.252387561171546
0.222551762541433
0.193880382122702
0.166609558230892
0.140958071923082
0.117131648946722
0.0953188256459925
0.0756866329344661
0.0583826613351601
0.0435343219070745
0.0312436068671039
0.0215904488450359
0.0146298615485542
0.0103913165954535
0.00888044071804324
0.0100770813073259
0.0139363648766480
0.0203898875927214
0.0293443007791729
0.0406844579693374
0.0542746501239409
0.0699567351257759
0.0875561677335627
0.106880997064370
0.127721381861642
0.149859064390211
0.173060065950222
0.197084997274306
0.221688185863978
0.246615150564886
0.271613281078971
0.296432638763723
0.320817938133176
0.344528338979028
0.367327190657180
0.388986356147799
0.409288034166136
0.428032672415208
0.445034974950859
0.460125332336093
0.473157640029415
0.483997786740679
0.492540867315508
0.498705849602402
0.502429596640853
0.503673979131772
0.549490705410155
0.546698809486992
0.541140172580124
0.532871858096415
0.521978798318536
0.508572987056129
0.492789100335949
0.474786730638728
0.454748899287333
0.432880327343532
0.409402463789454
0.384557613649049
0.358597674147143
0.331793471957467
0.304415459821379
0.276752984175277
0.249087892163043
0.221710138144224
0.194905163782162
0.168957894647182
0.144143556496181
0.120727580289412
0.0989632084481652
0.0790891472482801
0.0613283682337511
0.0458822742297865
0.0329325285579735
0.0226370403127488
0.0151293373725464
0.0105164148168408
0.00887897707985088
0.0102692257116950
0.0147109975821107
0.0221990428291358
0.0326998703903058
0.0461491325535774
0.0624579830756802
0.0815078486841605
0.103152714907132
0.127224847296306
0.153529316518385
0.181851269453498
0.211956711109898
0.243594658573146
0.276491985697139
0.310374349912080
0.344944754288041
0.379908407612658
0.414959795397454
0.449796407242257
0.484106032639109
0.517594554321151
0.549963141274973
0.580930499833891
0.610214413240872
0.637566477444551
0.662734214842595
0.685496265378991
0.705653579484533
0.723023136753412
0.737451248829629
0.748806982191542
0.756995502419009
0.761934372996979
0.763587029995488
0.761934372996979
0.756995502419009
0.748806982191542
0.737451248829629
0.723023136753412
0.705653579484533
0.685496265378991
0.662734214842595
0.637566477444551
0.610214413240872
0.580930499833891
0.549963141274973
0.517594554321151
0.484106032639109
0.449796407242257
0.414959795397454
0.379908407612658
0.344944754288041
0.310374349912080
0.276491985697139
0.243594658573146
0.211956711109898
0.181851269453498
0.153529316518385
0.127224847296306
0.103152714907132
0.0815078486841605
0.0624579830756802
0.0461491325535774
0.0326998703903058
0.0221990428291358
0.0147109975821107
0.0102692257116950
0.00887897707985088
0.0105164148168408
0.0151293373725464
0.0226370403127488
0.0329325285579735
0.0458822742297865
0.0613283682337511
0.0790891472482801
0.0989632084481652
0.120727580289412
0.144143556496181
0.168957894647182
0.194905163782162
0.221710138144224
0.249087892163043
0.276752984175277
0.304415459821379
0.331793471957467
0.358597674147143
0.384557613649049
0.409402463789454
0.432880327343532
0.454748899287333
0.474786730638728
0.492789100335949
0.508572987056129
0.521978798318536
0.532871858096415
0.541140172580124
0.546698809486992
0.549490705410155